6.051832705113984E-4
6.08325761766038E-4
6.119653653720593E-4
6.071960621799918E-4
6.024561971490629E-4
6.064951308556777E-4
6.071540976298896E-4
6.156646350412696E-4
6.092373235666508E-4
6.060135062567495E-4
6.024931718333082E-4
6.054277287640995E-4
6.092877525069247E-4
6.073392548071386E-4
6.026671916068048E-4
5.857164396294711E-4
5.855698338417474E-4
5.888778781035177E-4
6.108160566208132E-4
6.024447491961863E-4
5.980013344866453E-4
5.939272097970904E-4
5.986556925673238E-4
6.020025658746914E-4
6.036683407701346E-4
6.066405934950811E-4
5.934462340562134E-4
6.069473953520777E-4
6.144684466242629E-4
6.041458785851931E-4
6.128100352978468E-4
6.045646306088176E-4
5.89292633068552E-4
5.858574977852194E-4
5.878890212723777E-4
5.789672929422957E-4
5.777634485364876E-4
5.841172547978133E-4
5.938710872512619E-4
5.791925676066507E-4
5.821927771936772E-4
5.907488969023308E-4
5.837220047481153E-4
5.941518363471467E-4
6.108931768536648E-4
6.085451166551846E-4
6.044483537012159E-4
6.064078246954517E-4
6.077916722672002E-4
6.142475844918567E-4
6.139490871492082E-4
6.147226287988642E-4
6.116681437371968E-4
6.111639353081092E-4
6.111584809860953E-4
6.015547721278973E-4
6.050421650461295E-4
6.168230477663802E-4
6.124214320183635E-4
6.28497550358047E-4
6.402359581961678E-4
6.404995708448502E-4
6.40145281154612E-4
6.268437087353086E-4
6.234820043009984E-4
6.194169053815218E-4
6.171711524378146E-4
6.10107316695396E-4
5.946328148188684E-4
6.024262543033221E-4
5.896524192478994E-4
5.894241408600817E-4
6.035953343853967E-4
6.177892860144149E-4
6.18821508250951E-4
6.104915615238461E-4
6.048409538814771E-4
6.055422558358792E-4
6.037547747795975E-4
6.001257207692233E-4
6.066656558329665E-4
6.087065306506869E-4
6.186993364650677E-4
6.149290987842953E-4
6.25342044202534E-4
6.122684705169315E-4
6.290137641517235E-4
6.330685461252629E-4
6.322047609244359E-4
6.271037980309978E-4
6.319365840799533E-4
6.087394223736084E-4
6.187839216029495E-4
6.286780430343796E-4
6.443599395193947E-4
6.425215913147968E-4
6.234903098664694E-4
6.122448276465312E-4
6.157187281057353E-4
6.282539288248153E-4
